ID		X		Y		Z		Energy
0		4.546846	0.237486	2.599505	165040073.148338
1		3.833757	4.069521	0.059327	270599.692226
2		1.697806	1.954516	4.165569	581199.450415
3		1.393422	1.158184	0.569632	166468006.130545
4		1.366657	0.481872	3.835959	8855326.398615
5		1.192439	2.832082	4.409270	11304127.818358
6		0.725665	3.050690	0.939646	2981718.762454
7		4.414906	1.384703	3.276074	672136.721507
8		3.367423	0.615704	0.201617	39633044.242261
9		2.626262	1.829671	3.883711	133604.851822
10		1.379049	1.376517	4.121196	16157128.070621
11		3.978555	0.210273	3.190718	10597242.334397
12		4.037882	1.908080	0.145234	43728798.857493
13		3.203451	3.301501	1.303418	224037.186311
14		3.773083	4.668158	1.785290	114542610.507199
15		2.609042	0.860597	4.617372	3288968.299307
16		2.018312	1.586261	2.668062	9915.497953
17		2.957958	1.001168	4.052765	331826500.559341
18		1.234032	4.368590	4.668469	18004985765923.984375
19		1.435650	1.994852	1.498140	679378503.503121
20		0.319360	3.373902	2.874656	59236881.071419
21		4.440557	2.352456	3.084930	183536.000583
22		2.631274	1.390338	4.993009	278304.641086
23		2.776508	4.593789	3.294511	134179569.231464
24		4.079926	3.366872	2.962669	5770.033680
25		0.865216	0.975914	3.823265	6634.141471
26		0.482588	2.994227	0.409527	111814.095227
27		3.150650	0.952185	1.410694	283655150.682290
28		2.203415	2.186217	0.779285	1636644.284908
29		1.871884	3.621867	2.774137	5564464.561613
30		3.370024	3.941227	1.148039	20595116.026628
31		1.244680	3.381784	3.500495	51876.192543
32		4.329610	1.013058	4.890833	3042389.936020
33		4.322619	3.789566	4.484622	512812.047237
34		2.617130	2.869492	2.851495	11129889.949546
35		0.579798	3.734708	3.827409	1480.331411
36		4.403064	4.217296	1.821636	11922454.453467
37		4.812590	2.367947	2.773820	30074.397192
38		1.223285	4.571362	4.960038	1193086.075818
39		2.002569	1.443246	3.581905	72276.114806
40		4.776706	4.813270	2.523132	119101.785818
41		0.924745	1.057951	0.904916	76977193.973741
42		4.425239	0.387560	1.917974	48868.071513
43		4.316072	4.710180	0.707540	6548521540.154152
44		3.800695	2.327310	3.577032	6115.886555
45		1.652189	2.907108	2.311740	10707642.537376
46		0.479598	2.310171	1.529037	78680.668973
47		2.301234	2.122762	3.896983	91573.742885
48		0.075054	3.346046	3.468345	8274.455926
49		0.035092	0.348615	4.911592	150036599.938796
50		3.616996	0.125321	4.724862	49429709.946707
51		1.140128	1.050066	0.782813	38544834399.924591
52		2.045044	0.475305	1.170373	15963546.821816
53		3.963018	4.791378	0.880553	3298519.549818
54		4.670558	3.592072	3.207862	1736665888.392131
55		3.247590	0.244261	1.114970	109371.317677
56		0.559330	0.723859	3.425142	5566.408152
57		2.088367	3.025093	0.547903	17606.016388
58		0.985350	3.100147	3.893949	39871.392565
59		4.453695	3.135239	4.242565	674916396.478414
60		4.365287	1.752235	4.367886	3566130.358272
61		4.090149	2.892363	0.417952	175079.999538
62		4.872961	4.937407	0.893257	22765837.474312
63		1.043335	3.900425	0.684635	6576.718253
64		1.923887	3.570983	4.276708	66499542.082390
65		0.131750	1.818572	4.520969	29781333.495637
66		1.246720	2.377902	0.244829	75307.668464
67		4.671862	4.466269	3.269922	3004.850179
68		0.219765	0.451619	1.370069	5754.333809
69		4.113714	4.905314	4.505308	305899.134689
70		3.356279	4.270601	1.257543	1392585.308587
71		2.724165	3.360750	4.149907	173133832.986863
72		3.142117	3.233711	4.087314	36340939.772570
73		4.035375	4.277046	2.987739	3628.594991
74		4.720010	1.200933	1.558721	229090.402310
75		3.996717	1.332683	3.377294	642105.751560
76		3.517686	2.579402	0.755196	11165.795344
77		3.762515	2.251264	0.221465	276297.417350
78		2.032437	2.471029	0.673084	296378225.225367
79		3.402505	1.584743	0.578398	1338705.378838
80		2.907813	4.941022	4.848999	950854667.519446
81		4.165356	2.665187	3.209748	1438697701238.084473
82		3.315263	0.807304	1.443459	283338306.784730
83		2.402577	4.842678	0.720505	113565490497.364380
84		0.390316	4.562688	1.921438	92095569.568438
85		1.949037	3.559405	3.254120	67964.716139
86		0.326331	2.077092	0.833523	9680.201340
87		1.081527	0.839606	3.084787	19414.296232
88		1.302993	2.872043	0.555816	3311643965.348240
89		1.976077	1.274548	2.140558	34551955.188681
90		2.554475	4.182362	2.081580	953489320932.354492
91		2.403474	3.347718	4.746767	2821.114079
92		0.613222	1.662981	0.554070	233014614044815.656250
93		2.056681	4.065557	0.396748	1408.971484
94		2.777186	4.455873	4.959436	1479776.164162
95		4.698624	1.404910	3.518841	565947.564799
96		2.952745	1.731241	0.595933	180751654.772998
97		3.786268	2.812768	1.435539	143523.610640
98		1.871055	4.115761	4.307582	17580378.632697
99		2.426870	1.091837	0.582131	3188237.920249
100		4.567429	3.646312	4.764492	695650.031358
101		1.649009	1.049786	3.112210	30325514322.754650
102		1.395775	1.663008	4.775191	1784804.429829
103		1.949846	3.719689	3.840748	54163.962165
104		2.346594	1.496875	3.296621	168369.136109
105		2.306030	1.195500	4.701531	92668.405530
106		0.824871	4.148244	1.432772	1544262.965072
107		1.420804	2.934512	4.245540	58956087.712184
108		2.856343	4.805567	3.361300	134252345.295533
109		2.163926	2.232437	4.453138	81727.859011
110		2.746056	1.799866	3.099450	993062.897281
111		2.510549	3.448874	4.149235	172521916.861083
112		0.622759	4.844650	0.812243	617268083556.954468
113		0.397950	1.794495	4.531932	30070764.141643
114		4.238698	4.141089	1.028807	12161.603978
115		2.535319	1.447119	2.224307	1790207.901038
116		2.236850	2.271991	1.372551	83152.963053
117		3.669622	3.692795	4.307063	3349.164515
118		2.915162	1.549138	4.112630	479369.474383
119		1.276462	3.713064	1.345067	53379.447316
120		0.729600	1.459120	3.144932	227138985.152503
121		3.829050	3.969669	1.593807	97781.901801
122		2.978285	4.592428	1.438456	650683.577892
123		3.790528	4.990378	3.232951	11536473.421901
124		3.322459	4.229076	2.374040	94909.712632
125		4.351266	1.764395	3.821159	27776.714844
126		1.575573	4.001246	1.093150	19268609.127991
127		2.948124	2.670868	4.785945	24709144.257874
128		2.255188	0.586030	1.335083	17648678.342373
129		1.367818	1.862493	0.048147	2058806.231051
130		2.712884	2.592092	1.507268	41707.797575
131		0.857817	1.421142	0.476937	2764566.094026
132		2.451623	4.399427	0.069365	2697561.293739
133		3.890079	3.189954	0.059742	23094.395197
134		2.123031	1.512414	4.288818	71512.588778
135		4.497071	0.863680	1.053213	5288.827721
136		3.318230	2.439253	0.054459	29794.007883
137		4.411380	0.387378	2.725327	124146939.157883
138		4.197325	2.642566	3.311357	1438697707938.955078
139		0.532409	4.010383	0.173850	1190417.819138
140		0.580556	1.723268	2.765942	1213798.143711
141		2.087823	2.581084	4.187084	14744697.573972
142		2.564760	0.032708	3.586511	217758.418170
143		2.634125	3.922787	1.776465	940076.519737
144		2.693867	1.045818	3.288879	4159127.664291
145		1.982685	0.542889	4.152559	2758.240649
146		3.035898	3.861119	1.591812	72014.014085
147		3.090357	3.272500	1.979190	1781.578937
148		0.815685	2.469825	4.621755	82049.307461
149		4.127042	3.002233	3.632139	29076.882177
150		4.300892	3.582789	0.355406	114860.560458
151		2.066834	0.670613	2.936491	14821.563898
152		1.253918	3.235373	2.969199	44969.917100
153		4.840429	0.869497	1.891986	333334.416190
154		1.616894	3.563364	2.937804	5427004.424565
155		4.905773	0.546049	3.480692	677355.769531
156		4.058331	3.581947	2.341812	2672.585560
157		0.650143	1.672305	0.614311	233007436419182.750000
158		2.629333	2.487989	3.084136	21089057.680090
159		2.251088	1.615031	1.086370	8351743.913349
160		0.883227	0.915923	4.669159	7649085971.597950
161		1.238633	2.982756	0.339771	4751839029.276536
162		4.175124	4.236674	3.575144	84631880.022077
163		2.144322	4.077103	4.444641	14899792887.813967
164		4.036308	0.693997	3.008005	7296117.586398
165		1.974112	0.599770	3.554054	2187543.728341
166		0.454804	4.658101	2.136001	94948624.012967
167		2.796616	0.308244	3.808305	131360.555249
168		3.410927	2.937577	1.296295	497813.675149
169		1.495063	0.188665	2.911326	195629.405629
170		2.581432	1.071892	3.827248	168874.479775
171		2.250591	2.310525	1.810005	93025.243937
172		2.590362	1.485649	1.046679	11463600.971003
173		1.165506	3.629971	0.123783	37959.542054
174		0.610147	2.666280	0.817780	246607.514301
175		3.618151	4.640391	1.417550	269299.848808
176		2.172205	0.095195	1.075651	409626843733.057129
177		4.308206	2.891811	1.383895	9268.373598
178		3.116511	1.302738	4.321472	587245.617560
179		4.412806	2.797801	4.510137	249202874.719553
180		2.324132	0.379233	0.582030	2813240.225705
181		1.151380	2.629824	2.892555	518351.358233
182		2.961385	0.220187	4.378204	75054846.192680
183		4.008064	1.385693	3.008175	631183.008640
184		4.131847	1.995839	0.674455	179718.645898
185		4.949627	0.613991	0.314846	298615726.338343
186		1.367176	2.786196	0.410041	3333207473.833585
187		2.442827	2.094402	3.301852	295052329418.537231
188		3.826722	0.210913	4.604590	49481132.482722
189		3.148195	4.623719	2.402391	114362.750776
190		2.658332	1.947851	2.781625	13221070.120383
191		3.240362	3.099231	0.411449	9197.956711
192		1.132916	1.060615	0.631636	664740353146593920.000000
193		0.511120	0.068680	2.017328	106303.721629
194		3.519295	4.200526	4.013168	5015447004.827887
195		4.193750	4.150153	4.627159	224751.922855
196		4.508596	0.517329	2.413355	6166501.298241
197		4.918637	2.960157	4.507757	29304.760872
198		3.220489	1.786879	4.718670	1700.184403
199		2.825080	4.935074	4.342389	144648031.491996
200		0.227471	2.593405	1.290240	64152.049548
201		3.009096	0.833767	4.389470	4224927.418223
202		3.420545	1.966683	0.450086	1449119.341793
203		4.052180	2.477803	0.518765	202523.369739
204		1.069509	0.997098	4.719291	574308336.706564
205		0.082677	0.190848	3.869444	350794.628390
206		4.709836	4.699444	4.386774	5318.548479
207		2.123190	4.618081	2.346930	10991511.125964
208		1.630947	2.838570	4.133809	50655789.244423
209		1.349617	0.663650	4.068883	8862968.239234
210		0.692005	0.891121	1.662288	131680.701587
211		1.982245	3.900217	2.496055	186640.535691
212		1.371715	2.320762	4.462739	65467.353573
213		1.821801	1.372942	1.940542	25549549.962178
214		2.340566	2.442451	2.937640	4302853.100661
215		2.059858	2.525128	3.128488	1213274.511935
216		0.929302	2.234963	2.827932	56148.070120
217		0.316075	4.358154	2.446013	4565001173.128625
218		2.663006	0.989101	0.284583	14014144.188581
219		1.796815	2.338717	0.948233	410527.632498
220		0.865697	3.030723	1.839354	1130.825750
221		2.527986	0.012968	0.739571	527624593.565209
222		0.024041	1.384683	3.060333	99368125.572621
223		4.486779	3.206484	4.433275	674961903.253729
224		1.427321	0.547050	1.875726	317759.365409
225		4.364961	2.606908	4.400854	316385368.939698
226		2.493450	3.536209	1.635818	89087.775065
227		0.321382	3.852285	0.993971	38415.721536
228		2.767394	1.515290	1.983072	1582479.185774
229		3.051977	3.312105	4.321789	36806942.251605
230		4.000210	4.177802	2.352512	677101.824505
231		0.839565	1.705788	2.365480	63595.297949
232		1.579136	1.729829	3.750163	447725.338963
233		4.639469	1.216608	1.956647	396439.539911
234		4.072744	2.643930	2.503697	5262027.197606
235		0.948471	2.008891	0.110604	137871.778800
236		0.349325	4.502341	3.646814	1299494.804818
237		1.985143	4.823722	2.499099	11148924.384106
238		2.979114	2.591116	4.014389	2557267.720962
239		4.962186	0.643094	2.326494	1105736396.159989
240		4.283975	4.643304	1.504296	620917.375055
241		1.636488	0.482869	3.210084	123374.666463
242		4.001968	2.062005	4.939913	43811852.626178
243		2.752131	1.701474	1.156521	10757822.089571
244		4.708778	0.774219	3.800451	2922987279259.305664
245		2.212474	1.722689	0.809342	7666828.735507
246		2.323079	2.072015	0.311682	23691.999554
247		0.969893	4.057157	0.135404	118320.145250
248		3.468991	2.036271	2.726521	12135.595252
249		2.483380	1.998457	3.369615	295052383848.509521
250		4.809874	1.282432	3.012919	99161315.160165
251		1.314169	2.918920	3.495788	383194961.448484
252		4.524253	1.920887	0.557793	228824.863398
253		4.464166	4.673018	2.259267	129119.080008
254		0.620687	4.381796	3.033485	8940.939950
255		4.421138	1.594270	4.756175	130519.675062
256		0.230480	3.917349	1.828190	4041.703187
257		0.542162	4.887242	0.885347	617263469426.019165
258		0.677566	3.356233	2.921618	865509.497548
259		3.404087	0.839613	4.920075	21556286.318319
260		1.773702	0.649487	1.202507	25608111.534625
261		4.786620	1.963656	4.121427	776474.318581
262		3.282408	1.487910	1.042314	27222.902298
263		3.840201	0.952076	0.715332	8664127.940899
264		1.099468	1.572763	0.097128	497834.486039
265		4.132953	0.993901	1.691398	51415.807605
266		3.889128	1.224381	0.608747	8665872.579441
267		0.717318	1.766543	0.495989	26110737308.809616
268		1.602665	2.444109	3.852222	35658.160439
269		4.524282	0.848196	4.691835	3047618.990811
270		4.444357	2.621897	0.341322	500142.310895
271		0.646864	2.408518	2.304978	1191845.572793
272		4.768291	0.690926	3.792888	2922987785009.277832
273		0.810606	4.531127	4.744963	190580.030591
274		1.525938	0.630595	1.317726	2361146066.274596
275		1.623066	4.763548	2.311628	656352.549436
276		3.314464	3.652677	3.536008	6778.134524
277		3.923211	4.369994	0.302551	380067.241451
278		4.419201	0.972659	2.746660	50049.851945
279		3.271423	0.496941	3.594856	3261848436016.772461
280		2.963258	4.941298	1.216753	1402172.896616
281		3.304580	0.588163	3.625271	3261848440483.586426
282		0.609559	0.356454	4.316197	328848073.982696
283		4.402446	1.167059	3.847324	41195.117433
284		4.147410	2.692997	4.477919	92841974.015180
285		0.465136	4.316063	4.241467	263748.613848
286		2.776764	2.630528	2.894143	28754308.285093
287		1.312772	1.553739	2.264138	189025.969276
288		1.615323	0.972940	3.236797	30326080333.980206
289		4.361983	4.244362	3.733738	84631559.556974
290		2.956839	2.207621	3.675037	1286592776.705712
291		4.173592	0.512201	4.263199	157446.809079
292		2.798863	1.121760	4.619653	3328492.232941
293		2.115060	0.524206	0.786712	3252270.817878
294		0.962383	4.671616	3.479710	5367793.641664
295		0.440302	0.136753	2.795773	1038.197656
296		4.681769	2.913517	0.426301	372673.710154
297		2.575913	4.226289	1.980040	953489740992.635376
298		4.840051	0.841612	2.952979	125820.490488
299		3.076847	0.203595	2.197342	2748.038438
300		1.810586	3.160434	4.404963	293706.608514
301		0.485622	2.334026	4.917164	102752.855275
302		4.748821	0.132889	1.038924	22753049.570327
303		4.368474	2.247948	1.563130	32873.237193
304		0.155187	3.210332	1.234746	79187.854052
305		3.634897	3.650634	1.371499	4855351.762881
306		1.430670	3.332403	4.285015	428030.251940
307		1.856971	0.908316	3.511304	2785568.217144
308		3.837010	0.748366	4.352916	2771240.542931
309		1.789990	3.825214	4.556512	11596257.077820
310		3.987332	0.635799	2.716946	7317007.579874
311		3.392294	1.121421	0.050972	13739028.540769
312		3.309458	0.870243	0.183861	63529693.938846
313		4.348381	0.238717	2.431809	47477035.399377
314		0.911511	0.393904	0.642140	1682478.125535
315		2.146257	4.028801	4.292774	14906097041.122833
316		3.517756	0.459470	2.625177	29695.624402
317		2.802771	2.316441	3.533493	17832186180158748.000000
318		1.314076	1.153451	4.281860	15511512.646604
319		0.666992	2.943441	3.107073	62863.792205
320		0.223504	1.930772	3.742872	2040962.956510
321		2.940450	0.323067	4.864294	2146369.324226
322		2.991422	3.632525	0.734537	3658.800713
323		3.175283	2.980906	0.973254	292513.840541
324		0.607091	3.892417	1.367158	1577367.127557
325		1.249232	1.038674	0.395958	178645034.661573
326		0.542006	4.556430	0.855428	9060150.247839
327		3.167184	2.359202	3.171869	40680.643370
328		1.700677	3.673277	4.325320	77239248.991535
329		0.982537	4.340269	2.268761	322099.035410
330		4.089610	4.563773	4.199534	68046.817701
331		2.832482	2.504223	4.522600	3749969.940428
332		2.696776	0.495645	3.155125	5298.031041
333		3.431313	3.670927	1.136031	23992165.735561
334		4.404566	4.278019	0.028448	39312.564439
335		0.771724	0.527251	1.067123	1163567.326365
336		1.167682	1.069257	0.623553	664740337937398784.000000
337		2.023110	4.236441	2.982755	857338.134337
338		0.194980	0.937118	1.656032	122033.498656
339		4.520300	1.919654	0.996301	247436.316367
340		1.789061	1.009264	0.560074	30633908.448359
341		0.988595	3.841746	3.064297	705785.018268
342		0.511196	1.538522	3.559942	87895.073801
343		3.666321	4.969835	2.230870	479677101.260246
344		4.802351	4.374401	1.508888	13267.759541
345		4.830800	0.146125	2.036139	32929.429952
346		0.897922	1.313807	3.105396	226998435.377735
347		1.521475	3.336917	2.341837	72270.164768
348		4.504230	3.531897	3.278955	1736664825.888613
349		1.160262	3.052197	0.198609	4603817197.474031
350		2.156563	4.841258	1.207873	13186578.960607
351		2.716637	0.829853	0.049620	11925703.547899
352		0.780934	1.341049	1.588142	40735.512275
353		4.340876	0.007369	1.557977	590230.208529
354		1.571746	4.809721	0.932378	27936.361573
355		3.080634	4.640521	1.078503	18966644.718336
356		0.116773	0.538443	2.392310	1105596404.922569
357		3.222170	2.059918	0.729227	1106701.144766
358		0.564007	1.564148	4.261123	303953.602823
359		3.842962	2.724410	2.313320	5261655.128743
360		4.041571	4.880972	2.154578	821567.185317
361		0.249445	2.597610	2.984432	12204.601705
362		0.299065	3.378544	4.325481	2423.636851
363		1.887207	2.719420	4.332850	161496704.522786
364		3.445184	4.291166	4.142571	5106010689.570601
365		4.377562	2.371800	3.783092	8010.904693
366		0.456065	2.488573	4.321534	36786.407821
367		2.848375	0.710743	1.381452	514425.039851
368		3.577602	1.274750	2.945600	62233.555272
369		2.838725	0.117712	0.670009	2024528.808740
370		0.152045	4.159283	0.550982	518822.804040
371		2.306624	4.408728	3.148591	598905.030595
372		0.291056	4.707792	1.527135	99093.108994
373		4.616537	1.594999	4.246555	3563396.944606
374		3.949387	0.040183	3.537721	1645547.616356
375		3.091958	4.417745	0.909521	17382972.386803
376		1.875050	4.873811	3.398094	1577.135029
377		1.196584	2.722185	4.108837	5381823.177413
378		2.578036	1.299787	0.383587	4971389.286856
379		0.523636	4.138512	0.501299	1632911.442357
380		1.193646	4.290558	4.660582	18004984949971.882812
381		1.744628	1.597182	4.069310	1116113.620591
382		4.893219	1.888238	3.777102	2666259.751847
383		1.420354	1.504774	0.372101	420646.222017
384		0.666909	0.454161	0.412285	11109117.451995
385		4.204630	3.546119	4.830030	509987.961815
386		0.114151	0.421168	4.703840	168527691.329407
387		3.512245	1.617752	2.426026	12139.541674
388		2.621082	4.195789	3.725813	2384.052269
389		3.004669	4.719425	2.864325	43052.454103
390		3.505968	0.913070	2.154883	1071.587583
391		3.166550	2.657698	3.752065	5120767.181500
392		2.235859	2.550917	0.640303	295097530.161935
393		1.012961	3.971271	2.145077	318533.139556
394		1.385063	4.638180	2.599238	323847.647859
395		1.797347	3.842811	1.145357	19205645.522215
396		1.627377	3.956962	1.566525	88962.083238
397		1.331218	2.469207	3.184277	594997.647838
398		3.757244	0.090289	2.380066	479520588.208928
399		2.483057	3.094959	2.099491	596097308.019969
400		0.347382	1.600927	3.012561	1235779.614875
401		2.502266	4.767477	0.670259	113139083861.376083
402		1.254331	2.003336	3.221175	36345.364583
403		1.894633	3.016297	2.192446	10664652.108288
404		4.039710	4.401360	1.830627	116674138.013701
405		1.638948	1.198707	0.673437	57677208.143315
406		2.784305	2.826084	4.630399	23764558.011350
407		4.350830	4.157302	2.099606	11843197.612102
408		2.535107	2.914546	2.189896	601443880.085248
409		4.915173	0.397602	0.284855	292471914.852403
410		2.014664	0.744985	1.885781	13325012.856904
411		0.027225	3.247250	1.653258	81063.644576
412		0.697483	4.501581	3.656594	3132539.900169
413		3.918659	1.396214	1.672892	48907.887821
414		1.111105	0.435925	1.074252	1163625.513795
415		2.941732	2.074873	2.272959	4876.233114
416		3.615169	4.859178	0.099044	123736.573676
417		3.245569	4.210007	4.256346	91934856.078413
418		0.345175	1.745115	2.170891	10644043.174818
419		2.535070	1.660288	2.568494	679212.053723
420		2.819925	3.674952	3.313479	6263.691271
421		4.705706	3.702176	1.560729	5881.244388
422		1.358965	4.399660	1.062310	78439.971555
423		0.015559	3.318319	2.458524	610490.573513
424		1.688450	4.429424	2.894449	300929.630350
425		2.762702	2.371156	4.969322	298649.324021
426		0.035661	0.986325	4.828499	195019.037250
427		0.134705	4.231894	4.038507	271508.899950
428		4.391050	4.577069	0.783621	6548314367.058904
429		1.561942	2.112139	2.443909	1195.456654
430		4.130436	4.932064	1.118861	3102752.426642
431		2.443914	4.637770	4.821037	1658105.855245
432		4.004643	0.996735	4.220697	2638287.292379
433		0.066953	1.012294	2.539016	8374380406.307933
434		2.525477	2.700744	1.968440	5659392.588863
435		0.419926	0.463446	4.339596	330384836.650302
436		0.389248	0.499107	0.325921	9572703.289932
437		0.217747	0.633812	4.557815	20350470.523380
438		4.256254	0.024862	4.134883	207608.499879
439		0.039875	1.586804	1.247023	6694.054240
440		2.483784	0.717240	1.179086	6029501.430033
441		3.602645	3.161154	0.816857	34686.098114
442		3.423683	2.165797	1.813592	43951816.099658
443		2.644380	2.232750	2.825885	13204170.493784
444		0.183395	4.758227	0.526629	39935.417092
445		2.151835	0.178153	0.990076	409614939468.331726
446		1.491430	0.567400	1.489183	2339174466.856387
447		1.817351	0.785147	2.122995	21665033.498838
448		1.375166	0.041401	2.147857	199009.701593
449		0.510050	0.081276	3.734661	79741.642691
450		1.757072	2.565060	4.451901	145774146.139925
451		2.936159	1.167705	2.613055	4974.942888
452		3.753015	4.591388	4.778852	91811.757214
453		0.566607	2.235768	2.011602	1212469.889274
454		3.392493	2.419163	1.769829	43923311.083187
455		3.919122	4.570998	1.947982	315393769.646742
456		4.909198	1.062428	2.515382	8374341182.739495
457		1.398380	2.879780	3.300529	383264066.721047
458		3.521375	4.254946	3.341930	2382.766411
459		0.669232	4.764996	3.423206	5688512.659041
460		4.403893	1.522068	0.988266	159445.919884
461		3.855794	4.458226	2.155971	87007069.074945
462		1.468849	3.211242	1.747359	3911.429784
463		1.247701	3.777849	3.983127	8160.671957
464		3.259303	2.170342	1.402290	122057.768413
465		0.029132	1.089464	0.973288	6937.392036
466		1.977114	0.998662	2.035716	34552980.699984
467		4.492496	2.397042	4.915496	33612.954413
468		2.793025	0.918417	4.170442	334935356.001817
469		1.134955	1.587649	3.935437	582345.404825
470		4.558161	0.991542	0.457505	117236.984371
471		0.546427	4.847336	4.915731	64853.229273
472		2.702398	1.316185	3.126973	4262567.135662
473		4.449757	2.563886	1.904822	33236.627811
474		3.432884	0.823189	4.075164	53482.490302
475		4.835174	0.852322	0.164628	6699313.119422
476		0.808462	2.829436	1.163290	2943943.274006
477		2.844178	2.321932	3.560332	17832187196320302.000000
478		2.759674	0.114957	4.478749	212327463.082446
479		1.930115	1.249913	1.066398	48141.173827
480		0.865553	0.808074	2.057940	76644.839600
481		1.323058	1.354501	1.905276	191734.442780
482		1.238789	4.056900	3.221461	703509.206211
483		4.365762	3.506657	0.785347	73277.170384
484		1.270585	1.939541	1.608536	679379024.616940
485		0.345749	1.774715	2.460858	10986702.030906
486		0.510377	2.583177	0.290293	167520.462869
487		1.673667	0.427354	2.612225	131159.986858
488		0.233999	3.187028	2.727183	59041523.761691
489		4.712748	0.117143	3.977096	324933.299857
490		0.779146	0.982696	4.785170	7091027069.826962
491		2.837086	2.305753	1.139671	39955.759162
492		4.742362	3.544542	0.196571	63191.378373
493		2.963822	2.910305	3.703227	2693044.790098
494		3.749169	4.180889	0.642768	114118.137886
495		0.357705	4.526638	2.417483	4567787840.372559
496		2.818563	0.037015	0.000660	952060814.803826
497		3.108856	1.710682	0.428014	181947104.998968
498		0.721082	1.944680	3.615042	57086.306997
499		3.448264	1.657428	3.732185	937.224815
								682833693380347776.000000
